Apis	Rodanthidium_sticticum	Anthophora_acervorum	Pseudophilotes_panoptes	Sarcophagidae_4	Ichneumonidae_6	Microlepidoptera	Lasioglossum_mediterraneum	Paragus_tibialis	Chamaesyrphus	Lobonyx_aeneus	Oxythyrea_funesta	Clanoptilus_abdominalis	Aplocnemus_calidus	Sarcophagidae_5	Lasioglossum_interruptum	Adela_aldrovandella	Hylaeus_garrulus	Anaspis	Halictus_tetrazonius	Gonopteryx_cleopatra	Miridae_3	Mosca_8	Sarcophagidae_3	Dasytes_nigroaeneus	Lasioglossum_transitorium_planulum	Empididae	Mosca_mitjana_1	Clytra_quadripunctata	Eristalinus_aeneus	Himenopter_molt_petit	Hylaeus_hyalinatus	Anthrenus_2	Mosca_16	Andrena_angustior_impressa
59	0	0	1	0	0	0	0	0	0	0	2	0	0	0	1	0	0	0	0	0	0	0	0	0	2	0	0	0	0	0	0	0	0	1
178	0	2	1	0	0	0	0	0	0	0	1	0	0	0	0	0	0	0	0	0	0	0	0	0	0	1	0	0	0	0	0	0	0	1
122	0	0	0	0	0	0	0	0	0	0	1	0	1	0	1	0	0	0	0	0	0	0	0	0	5	5	0	0	0	0	0	0	0	1
119	0	0	1	0	0	0	0	0	0	0	0	0	0	0	0	0	0	0	0	0	0	0	0	0	3	0	0	0	0	0	2	0	0	0
65	0	0	0	0	0	0	0	0	0	3	1	0	0	0	0	0	0	0	0	0	0	0	0	0	7	0	0	0	0	0	0	0	0	1
28	0	0	0	0	0	0	1	0	0	0	1	0	0	0	0	0	0	0	0	0	0	0	0	0	0	0	0	0	0	0	2	0	0	2
30	0	0	0	0	0	0	0	0	0	0	1	0	0	0	0	2	1	0	0	0	0	0	0	1	0	3	0	0	0	0	0	0	0	0
32	2	0	1	0	0	0	0	0	4	0	3	0	0	0	0	2	0	0	0	0	0	0	0	0	2	0	0	0	0	0	1	0	0	1
82	0	0	0	1	0	0	0	0	0	5	3	0	0	0	0	0	1	0	0	0	0	0	0	0	4	2	0	0	0	0	1	0	0	0
33	0	0	0	0	0	0	0	0	0	0	0	0	0	0	0	0	0	0	0	0	0	0	0	0	2	0	0	0	0	0	0	0	0	0
21	1	0	0	0	0	0	0	0	1	0	1	0	0	0	0	0	0	0	0	0	0	0	0	0	0	2	0	0	0	0	0	0	0	0
38	0	0	0	0	0	0	0	0	0	0	0	0	0	0	1	0	0	0	0	0	0	0	0	0	10	0	0	0	0	0	0	0	0	2
30	0	0	1	0	0	0	0	0	1	0	1	0	0	0	0	0	0	0	0	0	0	0	0	0	1	0	0	0	0	0	0	0	0	0
143	1	0	1	1	0	0	1	0	0	0	1	0	0	0	0	0	0	0	0	0	0	0	0	1	6	0	0	0	0	0	0	0	0	0
55	1	0	0	0	0	0	0	0	0	21	4	0	0	0	0	2	0	0	0	0	0	0	0	0	0	0	0	0	0	0	0	0	0	0
48	0	0	2	2	1	0	0	0	0	0	1	0	0	0	3	0	0	0	0	0	0	0	0	0	0	0	0	0	0	0	0	0	0	0
59	1	0	0	0	0	0	0	0	2	0	0	0	0	0	0	2	0	1	0	0	0	0	0	1	0	0	0	0	0	0	0	0	0	1
58	0	0	0	0	0	0	0	0	0	0	0	0	0	0	0	1	1	0	0	0	0	0	0	0	3	0	0	0	0	0	4	0	0	2
143	0	0	4	2	0	0	0	0	1	0	0	0	0	0	0	1	0	0	0	0	0	0	0	0	1	0	1	0	0	0	0	0	0	0
135	1	0	0	0	1	1	0	0	0	4	3	1	0	0	0	4	0	0	0	0	0	0	0	0	2	0	0	0	0	0	1	0	0	0
37	0	1	1	2	0	0	0	0	3	8	0	0	0	0	0	6	0	0	0	0	0	0	0	0	1	1	0	0	0	0	1	0	0	1
25	1	0	1	0	0	0	0	0	0	0	2	0	0	0	0	9	0	0	0	0	0	0	0	0	0	0	0	0	0	0	0	0	0	0
94	0	0	1	0	0	0	0	0	0	0	2	0	0	0	0	1	0	0	0	0	0	0	0	0	1	2	0	0	0	0	0	0	0	0
185	0	0	0	0	0	0	0	0	0	0	0	0	0	0	0	9	0	0	0	0	0	0	0	0	4	4	0	0	0	0	0	0	0	1
60	0	0	0	0	0	0	0	0	0	0	1	0	0	0	0	0	0	0	0	0	0	0	0	0	0	0	0	0	0	0	0	1	0	0
3	0	0	0	0	0	0	0	0	0	0	1	0	0	0	0	0	0	0	0	0	0	0	0	0	0	0	0	0	0	0	0	0	0	0
13	0	0	0	0	0	0	0	0	0	0	0	0	0	0	0	0	0	0	0	0	0	0	0	0	0	1	0	0	0	0	0	0	0	0
6	0	0	0	0	0	0	0	0	0	0	0	0	0	0	0	0	0	0	0	0	0	0	0	1	2	1	0	0	0	0	0	0	0	0
32	0	0	4	0	0	0	0	0	0	0	0	0	0	0	0	0	0	0	0	0	0	0	0	1	0	5	0	0	0	0	1	0	0	0
75	0	0	2	0	0	0	0	0	0	1	1	0	0	0	1	0	0	0	0	0	0	0	0	1	0	2	0	0	0	0	0	0	0	0
36	1	0	0	0	0	0	0	0	0	0	4	1	1	1	0	0	0	0	0	0	0	0	0	4	3	0	0	0	0	0	0	0	0	0
106	0	0	1	0	0	0	0	0	0	1	1	2	0	0	0	0	0	0	0	0	0	0	0	0	2	1	0	0	0	0	0	0	0	1
58	0	0	0	0	0	0	0	0	1	2	0	0	0	0	0	0	0	0	0	0	0	0	0	1	3	4	0	0	0	0	1	1	1	2
21	5	3	2	2	2	2	2	2	1	1	1	1	1	1	1	1	1	1	1	1	1	1	1	0	0	0	0	0	0	0	0	0	0	0
3	1	0	0	0	0	0	0	1	0	0	0	0	0	0	0	0	0	1	0	0	0	0	0	0	1	1	1	1	1	1	0	0	0	0
138	0	0	2	1	0	7	11	0	0	0	3	0	0	2	0	0	0	0	1	0	0	0	0	0	1	0	0	0	0	0	0	0	0	0
81	0	0	1	0	0	2	1	0	0	0	2	3	0	0	2	0	0	2	0	0	0	0	0	4	2	3	0	0	0	0	0	0	0	0
83	3	0	0	0	0	10	0	0	1	1	1	2	0	1	0	0	0	0	1	0	0	0	0	1	2	1	0	0	0	0	2	0	2	2
23	1	0	0	0	0	0	2	0	0	0	4	0	0	0	0	0	0	0	0	0	0	0	0	0	2	0	0	0	0	0	0	0	0	0
13	0	0	1	0	0	0	0	0	0	0	1	0	0	0	0	0	0	0	0	0	0	0	0	0	0	0	0	0	0	0	0	0	0	0
